[gd_scene load_steps=18 format=3 uid="uid://bppkqcpmssw8x"]

[ext_resource type="Script" path="res://Script/screen/menu.gd" id="1_8h7ab"]
[ext_resource type="Script" path="res://Script/server.gd" id="2_duil2"]
[ext_resource type="Script" path="res://Script/class/ButtonVisible.gd" id="3_qj38g"]
[ext_resource type="Environment" uid="uid://clqy13gfsma8t" path="res://Assets/3D/Environment/main.tres" id="4_psejx"]
[ext_resource type="Texture2D" uid="uid://dttcmuim272fr" path="res://addons/kenney_prototype_textures/dark/texture_01.png" id="5_274ug"]
[ext_resource type="Script" path="res://Script/screen/pointSpawn.gd" id="5_13162"]
[ext_resource type="PackedScene" uid="uid://ckiw4hco75x5q" path="res://Scene/Player/model.tscn" id="6_1pu2o"]
[ext_resource type="Shader" uid="uid://dc5y7m1ject2h" path="res://Assets/Material/default.tres" id="7_8k0pk"]
[ext_resource type="AnimationNodeBlendTree" uid="uid://cmlqadvfei8w8" path="res://Assets/AnimaTree/moviment.tres" id="8_pmgpy"]

[sub_resource type="ShaderMaterial" id="ShaderMaterial_vda80"]
resource_local_to_scene = true
render_priority = 0
shader = ExtResource("7_8k0pk")
shader_parameter/Color = Color(0.966549, 0.633848, 0.59382, 1)
shader_parameter/triplanar_scale = Vector3(1, 1, 1)
shader_parameter/triplanar_offset = null
shader_parameter/triplanar_sharpness = 0.5

[sub_resource type="AnimationNodeAnimation" id="AnimationNodeAnimation_8qchj"]
animation = &"shoot"

[sub_resource type="AnimationNodeAnimation" id="AnimationNodeAnimation_0uosx"]
animation = &"idle_pistol_001"

[sub_resource type="AnimationNodeBlend2" id="AnimationNodeBlend2_pl1yi"]
filter_enabled = true
filters = ["metarig/Skeleton3D:forearm.L", "metarig/Skeleton3D:forearm.R", "metarig/Skeleton3D:forearm1.L", "metarig/Skeleton3D:forearm1.R", "metarig/Skeleton3D:forearm2.L", "metarig/Skeleton3D:forearm2.R", "metarig/Skeleton3D:hand.L", "metarig/Skeleton3D:hand.L.001", "metarig/Skeleton3D:hand.R", "metarig/Skeleton3D:hand.R.001", "metarig/Skeleton3D:shoulder.L", "metarig/Skeleton3D:shoulder.R", "metarig/Skeleton3D:upper_arm.L", "metarig/Skeleton3D:upper_arm.R"]

[sub_resource type="AnimationNodeTransition" id="AnimationNodeTransition_5q7i6"]
allow_transition_to_self = true
input_0/name = "idle"
input_0/auto_advance = false
input_0/break_loop_at_end = false
input_0/reset = true
input_1/name = "shoot"
input_1/auto_advance = true
input_1/break_loop_at_end = false
input_1/reset = true

[sub_resource type="AnimationNodeTransition" id="AnimationNodeTransition_pihpe"]
input_0/name = "moviment"
input_0/auto_advance = false
input_0/break_loop_at_end = false
input_0/reset = true
input_1/name = "pistol"
input_1/auto_advance = false
input_1/break_loop_at_end = true
input_1/reset = true

[sub_resource type="AnimationNodeBlendTree" id="AnimationNodeBlendTree_ghd1j"]
resource_local_to_scene = true
graph_offset = Vector2(-209.896, 105.25)
nodes/Animation/node = SubResource("AnimationNodeAnimation_0uosx")
nodes/Animation/position = Vector2(153.846, 637.363)
"nodes/Animation 2/node" = SubResource("AnimationNodeAnimation_8qchj")
"nodes/Animation 2/position" = Vector2(175.824, 791.209)
nodes/a/node = SubResource("AnimationNodeBlend2_pl1yi")
nodes/a/position = Vector2(681.319, 461.538)
nodes/move/node = ExtResource("8_pmgpy")
nodes/move/position = Vector2(263.736, 219.78)
nodes/move_arm/node = ExtResource("8_pmgpy")
nodes/move_arm/position = Vector2(329.67, 373.626)
nodes/output/position = Vector2(1120.88, 197.802)
nodes/pistol_state/node = SubResource("AnimationNodeTransition_5q7i6")
nodes/pistol_state/position = Vector2(505.494, 615.385)
nodes/state/node = SubResource("AnimationNodeTransition_pihpe")
nodes/state/position = Vector2(857.143, 197.802)
node_connections = [&"a", 0, &"move_arm", &"a", 1, &"pistol_state", &"output", 0, &"state", &"pistol_state", 0, &"Animation", &"pistol_state", 1, &"Animation 2", &"state", 0, &"move", &"state", 1, &"a"]

[sub_resource type="StandardMaterial3D" id="StandardMaterial3D_hvo6h"]
albedo_texture = ExtResource("5_274ug")
uv1_triplanar = true

[node name="Menu" type="Control"]
layout_mode = 3
anchors_preset = 15
anchor_right = 1.0
anchor_bottom = 1.0
grow_horizontal = 2
grow_vertical = 2
script = ExtResource("1_8h7ab")

[node name="View" type="SubViewportContainer" parent="."]
layout_mode = 1
anchors_preset = 15
anchor_right = 1.0
anchor_bottom = 1.0
grow_horizontal = 2
grow_vertical = 2
stretch = true
metadata/_edit_use_anchors_ = true

[node name="View" type="SubViewport" parent="View"]
handle_input_locally = false
size = Vector2i(1280, 720)
render_target_update_mode = 4

[node name="Cam" type="Camera3D" parent="View/View"]
transform = Transform3D(1, 0, 0, 0, 0.985636, 0.168885, 0, -0.168885, 0.985636, 0.58, 0.955241, 2)

[node name="Servers" type="PanelContainer" parent="."]
visible = false
layout_mode = 1
anchors_preset = 8
anchor_left = 0.5
anchor_top = 0.5
anchor_right = 0.5
anchor_bottom = 0.5
offset_left = -294.0
offset_top = -210.0
offset_right = 294.0
offset_bottom = 210.0
grow_horizontal = 2
grow_vertical = 2
script = ExtResource("2_duil2")

[node name="Margin" type="MarginContainer" parent="Servers"]
layout_mode = 2
theme_override_constants/margin_left = 20
theme_override_constants/margin_top = 20
theme_override_constants/margin_right = 20
theme_override_constants/margin_bottom = 10

[node name="vbox" type="VBoxContainer" parent="Servers/Margin"]
layout_mode = 2

[node name="Label" type="Label" parent="Servers/Margin/vbox"]
layout_mode = 2
size_flags_vertical = 0
text = "SERVERS"
horizontal_alignment = 1

[node name="hs" type="HSeparator" parent="Servers/Margin/vbox"]
layout_mode = 2
size_flags_vertical = 0

[node name="servers" type="VBoxContainer" parent="Servers/Margin/vbox"]
layout_mode = 2
size_flags_vertical = 3

[node name="Button" type="Button" parent="Servers/Margin/vbox/servers"]
visible = false
custom_minimum_size = Vector2(0, 40)
layout_mode = 2
mouse_default_cursor_shape = 2
alignment = 0

[node name="vbox" type="VBoxContainer" parent="Servers/Margin/vbox/servers/Button"]
layout_mode = 1
anchors_preset = 15
anchor_right = 1.0
anchor_bottom = 1.0
grow_horizontal = 2
grow_vertical = 2
mouse_filter = 2
alignment = 1

[node name="Label" type="RichTextLabel" parent="Servers/Margin/vbox/servers/Button/vbox"]
custom_minimum_size = Vector2(0, 23.6)
layout_mode = 2
mouse_filter = 2
bbcode_enabled = true
text = "[p align=center] [color=gray]3/10[/color] ENTRA AI MEU NOBRE [color=gray] #é poucas parceiro."
scroll_active = false
metadata/_edit_use_anchors_ = true

[node name="hs2" type="HSeparator" parent="Servers/Margin/vbox"]
layout_mode = 2
size_flags_vertical = 8

[node name="buttons" type="HBoxContainer" parent="Servers/Margin/vbox"]
custom_minimum_size = Vector2(0, 48.75)
layout_mode = 2
size_flags_vertical = 8

[node name="Create" type="Button" parent="Servers/Margin/vbox/buttons" node_paths=PackedStringArray("Node_selected")]
custom_minimum_size = Vector2(150, 0)
layout_mode = 2
mouse_default_cursor_shape = 2
text = "CREATE ROOM"
script = ExtResource("3_qj38g")
Node_selected = NodePath("../../../../../NewRoom")

[node name="Join" type="Button" parent="Servers/Margin/vbox/buttons"]
custom_minimum_size = Vector2(150, 0)
layout_mode = 2
size_flags_horizontal = 10
mouse_default_cursor_shape = 2
text = "JOIN"

[node name="Buttons" type="VBoxContainer" parent="."]
layout_mode = 0
offset_left = 20.0
offset_top = 585.0
offset_right = 210.0
offset_bottom = 616.0

[node name="Play" type="Button" parent="Buttons" node_paths=PackedStringArray("Node_selected")]
custom_minimum_size = Vector2(0, 40)
layout_mode = 2
mouse_default_cursor_shape = 2
text = "PLAY
"
script = ExtResource("3_qj38g")
Node_selected = NodePath("../../Servers")

[node name="NewRoom" type="PanelContainer" parent="."]
visible = false
layout_mode = 1
anchors_preset = 15
anchor_right = 1.0
anchor_bottom = 1.0
grow_horizontal = 2
grow_vertical = 2

[node name="Screen" type="Control" parent="NewRoom"]
layout_mode = 2

[node name="Panel" type="PanelContainer" parent="NewRoom/Screen"]
layout_mode = 1
anchors_preset = 8
anchor_left = 0.5
anchor_top = 0.5
anchor_right = 0.5
anchor_bottom = 0.5
offset_left = -173.0
offset_top = -100.0
offset_right = 173.0
offset_bottom = 85.0
grow_horizontal = 2
grow_vertical = 2

[node name="Margin" type="MarginContainer" parent="NewRoom/Screen/Panel"]
layout_mode = 2
theme_override_constants/margin_left = 25
theme_override_constants/margin_top = 25
theme_override_constants/margin_right = 25
theme_override_constants/margin_bottom = 25

[node name="vbox" type="VBoxContainer" parent="NewRoom/Screen/Panel/Margin"]
layout_mode = 2

[node name="Label" type="Label" parent="NewRoom/Screen/Panel/Margin/vbox"]
layout_mode = 2
text = "CREATE SERVER"
horizontal_alignment = 1

[node name="server_info" type="HBoxContainer" parent="NewRoom/Screen/Panel/Margin/vbox"]
layout_mode = 2
size_flags_vertical = 10
alignment = 1

[node name="ip_label" type="Label" parent="NewRoom/Screen/Panel/Margin/vbox/server_info"]
layout_mode = 2
text = "IP:"

[node name="ip" type="LineEdit" parent="NewRoom/Screen/Panel/Margin/vbox/server_info"]
custom_minimum_size = Vector2(150, 0)
layout_mode = 2
text = "127.0.0.1"
placeholder_text = "IP "
alignment = 1

[node name="port_label" type="Label" parent="NewRoom/Screen/Panel/Margin/vbox/server_info"]
layout_mode = 2
text = "PORT:"

[node name="port" type="LineEdit" parent="NewRoom/Screen/Panel/Margin/vbox/server_info"]
layout_mode = 2
text = "9999"
placeholder_text = "PORT"
alignment = 1
max_length = 4

[node name="Create" type="Button" parent="NewRoom/Screen/Panel/Margin/vbox"]
custom_minimum_size = Vector2(0, 40)
layout_mode = 2
size_flags_vertical = 10
mouse_default_cursor_shape = 2
text = "HOST"

[node name="x" type="Button" parent="NewRoom/Screen/Panel" node_paths=PackedStringArray("Node_selected")]
custom_minimum_size = Vector2(32, 32)
layout_mode = 2
size_flags_horizontal = 8
size_flags_vertical = 0
mouse_default_cursor_shape = 2
text = "x"
flat = true
script = ExtResource("3_qj38g")
Node_selected = NodePath("../../..")

[node name="3D" type="Node3D" parent="."]

[node name="Settings" type="Node" parent="3D"]

[node name="DirectionalLight3D" type="DirectionalLight3D" parent="3D/Settings"]
transform = Transform3D(0.707107, 0.612372, -0.353553, 0, 0.5, 0.866025, 0.707107, -0.612373, 0.353553, 0, 3, 2)
shadow_enabled = true

[node name="WorldEnvironment" type="WorldEnvironment" parent="3D/Settings"]
environment = ExtResource("4_psejx")

[node name="Points" type="Node3D" parent="3D"]
script = ExtResource("5_13162")

[node name="Point" type="Marker3D" parent="3D/Points"]
transform = Transform3D(1, 0, 0, 0, 1, 0, 0, 0, 1, 0.953982, 0.5, 0.0972576)

[node name="Model" parent="3D/Points/Point" instance=ExtResource("6_1pu2o")]
transform = Transform3D(-1, 0, -8.74228e-08, 0, 1, 0, 8.74228e-08, 0, -1, 0, 0.630993, 0)

[node name="Skeleton3D" parent="3D/Points/Point/Model/person/metarig" index="0"]
bones/0/position = Vector3(4.99947e-09, 0.894415, -0.0151453)
bones/0/rotation = Quaternion(-0.0138981, 1.19198e-07, -1.65678e-09, 0.999904)
bones/1/rotation = Quaternion(0.125983, 1.24345e-14, 3.00367e-08, 0.992032)
bones/2/rotation = Quaternion(0.0253849, -1.19171e-07, 3.02612e-09, 0.999678)
bones/3/position = Vector3(-2.59528e-22, 0.184025, 3.72529e-09)
bones/3/rotation = Quaternion(-0.0303217, 2.13096e-14, 6.49958e-16, 0.99954)
bones/3/scale = Vector3(1, 1, 1)
bones/6/rotation = Quaternion(-0.309835, -2.26686e-07, -7.38705e-08, 0.95079)
bones/7/rotation = Quaternion(-0.679277, -0.343193, -0.358645, 0.540533)
bones/8/rotation = Quaternion(0.469514, 0.724455, -0.456149, 0.215985)
bones/9/rotation = Quaternion(0.160533, 0.0535873, 0.383416, 0.907937)
bones/10/rotation = Quaternion(-0.184378, 0.0901745, -0.0293728, 0.978269)
bones/11/rotation = Quaternion(0.486534, -0.1753, -0.00593691, 0.855874)
bones/13/rotation = Quaternion(0.349425, -0.0179717, 0.400609, 0.846812)
bones/14/rotation = Quaternion(0.167458, 0.0467624, -0.413337, 0.893825)
bones/15/rotation = Quaternion(-0.581076, 0.352658, 0.432218, 0.592597)
bones/16/rotation = Quaternion(0.329694, -0.667951, 0.485028, 0.458138)
bones/17/rotation = Quaternion(0.233703, -0.298911, -0.432026, 0.818162)
bones/18/rotation = Quaternion(-0.0904129, -0.0114305, 0.0325407, 0.995307)
bones/19/rotation = Quaternion(0.343716, 0.04418, 0.0423455, 0.937077)
bones/21/rotation = Quaternion(0.314331, -0.13346, -0.428846, 0.836347)
bones/22/rotation = Quaternion(0.167458, -0.0467623, 0.413337, 0.893825)
bones/23/rotation = Quaternion(-3.38374e-08, 0.633052, 0.774109, -2.76716e-08)
bones/24/rotation = Quaternion(-3.38374e-08, 0.633052, 0.774109, -2.76716e-08)
bones/27/rotation = Quaternion(0.990298, 0.0940001, -0.0019844, 0.102323)
bones/28/rotation = Quaternion(0.470749, -0.165865, 0.0418841, 0.865523)
bones/29/rotation = Quaternion(-0.506723, -0.00462812, 0.00317581, 0.862091)
bones/32/rotation = Quaternion(0.956542, -0.0717662, 0.0360085, 0.280324)
bones/33/rotation = Quaternion(0.510569, 0.108725, -0.0271179, 0.852504)
bones/34/rotation = Quaternion(-0.506723, 0.0046281, -0.00317579, 0.862091)
bones/35/rotation = Quaternion(0.00317503, 0.956827, -0.29064, -0.000451539)
bones/36/rotation = Quaternion(-0.661404, 0.663897, -0.250383, -0.243092)

[node name="View" parent="3D/Points/Point/Model/person/metarig/Skeleton3D" index="0"]
surface_material_override/0 = SubResource("ShaderMaterial_vda80")

[node name="Bone" parent="3D/Points/Point/Model/person/metarig/Skeleton3D" index="2"]
transform = Transform3D(1, 8.25551e-14, 3.74645e-13, 9.52402e-16, 0.976984, -0.213311, -3.96299e-13, 0.213311, 0.976984, 4.9995e-09, 1.36239, 0.0624341)
override_pose = false

[node name="Pivot" parent="3D/Points/Point/Model/person/metarig/Skeleton3D" index="3"]
transform = Transform3D(0.642099, 0.241316, 0.727651, 0.765733, -0.247588, -0.593594, 0.0369135, 0.938332, -0.343759, -0.317461, 1.23598, 0.614895)

[node name="Physical Bone spine" parent="3D/Points/Point/Model/person/metarig/Skeleton3D/Physics" index="0"]
transform = Transform3D(1, 3.27965e-07, 1.18192e-08, 2.69932e-09, 0.0277934, -0.999614, -3.28167e-07, 0.999614, 0.0277934, -2.20537e-06, 0.970209, -0.0172606)
joint_offset = Transform3D(1, 0, 0, 0, 1, 0, 0, 0, 1, 2.20517e-06, 0.00208464, 0.00113106)
body_offset = Transform3D(1, 8.95459e-08, 1.18192e-08, 1.18192e-08, -1.02445e-07, -1, -8.95458e-08, 1, -1.02445e-07, -2.20537e-06, 0.00113106, -0.00208464)

[node name="Physical Bone spine_001" parent="3D/Points/Point/Model/person/metarig/Skeleton3D/Physics" index="1"]
transform = Transform3D(1, 3.34228e-07, 3.27486e-08, 1.06441e-07, -0.222951, -0.97483, -3.18514e-07, 0.97483, -0.222951, -4.17233e-07, 1.11567, -0.00351055)
joint_offset = Transform3D(1, 0, 0, 0, 1, 0, 0, 0, 1, 4.18898e-07, -0.0167211, -0.00195002)
body_offset = Transform3D(1, 9.58084e-08, 3.27488e-08, 3.27488e-08, -2.98023e-07, -1, -9.58084e-08, 1, -2.98023e-07, -4.17233e-07, -0.00195003, 0.0167211)

[node name="Physical Bone spine_002" parent="3D/Points/Point/Model/person/metarig/Skeleton3D/Physics" index="2"]
transform = Transform3D(1, -1.50355e-07, 5.09734e-09, -3.60125e-08, -0.272139, -0.962258, 1.46067e-07, 0.962258, -0.272139, 0, 1.27357, 0.0373955)
joint_offset = Transform3D(1, 0, 0, 0, 1, 0, 0, 0, 1, -3.17009e-09, -0.0204111, 0.0198465)
body_offset = Transform3D(1, -1.50355e-07, 5.09745e-09, 5.0975e-09, 4.17233e-07, -1, 1.50355e-07, 1, 4.17233e-07, 0, 0.0198466, 0.0204111)

[node name="Physical Bone spine_003" parent="3D/Points/Point/Model/person/metarig/Skeleton3D/Physics" index="3"]
transform = Transform3D(1, -1.33023e-08, -4.51746e-08, -4.68392e-08, -0.380306, -0.924861, -4.87739e-09, 0.924861, -0.380306, -3.57628e-07, 1.39359, 0.123202)
joint_offset = Transform3D(1, 0, 0, 0, 1, 0, 0, 0, 1, 3.55886e-07, -0.0727527, -0.0171403)
body_offset = Transform3D(1, -1.33027e-08, -4.51744e-08, -4.68015e-08, -0.17427, -0.984698, 5.22657e-09, 0.984698, -0.17427, -3.57628e-07, -0.0295566, 0.0686524)

[node name="Physical Bone spine_004" parent="3D/Points/Point/Model/person/metarig/Skeleton3D/Physics" index="4"]
transform = Transform3D(1, 1.10576e-07, 1.38929e-07, 1.60186e-07, -0.899375, -0.437177, 7.66083e-08, 0.437177, -0.899375, 3.57628e-07, 1.46364, 0.169421)
joint_offset = Transform3D(1, 0, 0, 0, 1, 0, 0, 0, 1, -3.18506e-07, -0.12392, 0.0282177)
body_offset = Transform3D(1, -1.24194e-07, 1.80479e-07, 1.56074e-07, -0.17427, -0.984698, 1.53746e-07, 0.984698, -0.17427, 2.98023e-07, 0.0061903, 0.126942)

[node name="Physical Bone spine_005" parent="3D/Points/Point/Model/person/metarig/Skeleton3D/Physics" index="5"]
transform = Transform3D(1, 4.79391e-07, -7.71713e-08, 3.31247e-07, -0.789728, -0.613458, -3.5503e-07, 0.613458, -0.789728, 8.9407e-07, 1.48561, 0.205857)
joint_offset = Transform3D(1, 0, 0, 0, 1, 0, 0, 0, 1, -8.33155e-07, -0.130489, -0.00409649)
body_offset = Transform3D(1, 9.85089e-09, 5.92726e-09, 7.55327e-09, -0.174269, -0.984698, -8.66737e-09, 0.984698, -0.174269, 8.34465e-07, -0.026774, 0.127779)

[node name="Physical Bone head" parent="3D/Points/Point/Model/person/metarig/Skeleton3D/Physics" index="6"]
transform = Transform3D(1, 3.50698e-07, 1.61815e-07, 2.52527e-07, -0.27667, -0.960965, -2.92239e-07, 0.960965, -0.27667, 1.49012e-06, 1.51486, 0.225661)
joint_offset = Transform3D(1, 0, 0, 0, 1, 0, 0, 0, 1, -1.44293e-06, -0.0976429, -0.0799828)
body_offset = Transform3D(1, 3.50699e-07, 1.61817e-07, 2.20457e-07, -0.17427, -0.984698, -3.17132e-07, 0.984698, -0.17427, 1.49012e-06, -0.0957751, 0.0822102)

[node name="Physical Bone shoulder_L" parent="3D/Points/Point/Model/person/metarig/Skeleton3D/Physics" index="7"]
transform = Transform3D(0.672054, 0.209178, -0.710344, -0.12726, 0.977627, 0.167486, 0.729485, -0.0221613, 0.683638, 0.0964147, 1.38636, 0.136188)
joint_offset = Transform3D(1, 0, 0, 0, 1, 0, 0, 0, 1, -0.0521968, 0.119936, 0.0959021)
body_offset = Transform3D(0.975231, -0.0757562, 0.207812, 0.210019, 0.0223499, -0.977442, 0.0694028, 0.996876, 0.0377066, 0.0400603, 0.102021, -0.119555)

[node name="Physical Bone upper_arm_L" parent="3D/Points/Point/Model/person/metarig/Skeleton3D/Physics" index="8"]
transform = Transform3D(-0.052035, -0.746082, -0.663817, -0.56831, -0.524462, 0.634006, -0.821167, 0.410245, -0.396716, 0.285788, 1.26907, 0.110843)
joint_offset = Transform3D(1, 0, 0, 0, 1, 0, 0, 0, 1, -0.05346, -0.0579786, 0.204914)
body_offset = Transform3D(0.978236, 0.102555, -0.180379, -0.200345, 0.240604, -0.949722, -0.0539989, 0.96519, 0.255914, 0.0952046, 0.19785, 0.00063324)

[node name="Physical Bone forearm_L" parent="3D/Points/Point/Model/person/metarig/Skeleton3D/Physics" index="9"]
transform = Transform3D(0.414487, -0.874878, -0.250576, -0.835447, -0.474982, 0.276442, -0.360873, 0.0947612, -0.927788, 0.373356, 1.14949, 0.29245)
joint_offset = Transform3D(1, 0, 0, 0, 1, 0, 0, 0, 1, -0.119603, -0.0286073, 0.122339)
body_offset = Transform3D(0.92766, 0.187985, -0.322657, -0.343573, 0.0911406, -0.934693, -0.146301, 0.977934, 0.149134, 0.155802, 0.0758648, -0.00776696)

[node name="Physical Bone hand_L" parent="3D/Points/Point/Model/person/metarig/Skeleton3D/Physics" index="10"]
transform = Transform3D(0.502852, -0.642718, -0.577973, -0.748756, -0.657971, 0.0802405, -0.431862, 0.392412, -0.812101, 0.4333, 1.11049, 0.465657)
joint_offset = Transform3D(1, 0, 0, 0, 1, 0, 0, 0, 1, -0.214693, -0.0277218, 0.0370368)
body_offset = Transform3D(0.93735, 0.248879, -0.24379, -0.270567, 0.0792118, -0.959437, -0.219473, 0.96529, 0.141588, 0.217171, -0.0203584, -0.0256038)

[node name="Physical Bone forearm1_L" parent="3D/Points/Point/Model/person/metarig/Skeleton3D/Physics" index="11"]
transform = Transform3D(0.176479, -0.70914, 0.682624, -0.898275, -0.399577, -0.182867, 0.40244, -0.580912, -0.70752, 0.380463, 1.11639, 0.462067)
joint_offset = Transform3D(1, 0, 0, 0, 1, 0, 0, 0, 1, -0.14624, -0.0608719, -0.111436)
body_offset = Transform3D(0.922964, -0.0219692, -0.38426, -0.381451, 0.080896, -0.920843, 0.0513153, 0.99648, 0.0662841, 0.0908163, -0.153473, 0.0755484)

[node name="Physical Bone shoulder_R" parent="3D/Points/Point/Model/person/metarig/Skeleton3D/Physics" index="12"]
transform = Transform3D(0.171821, -0.161869, 0.971739, 0.413268, 0.907258, 0.0780548, -0.894252, 0.388177, 0.222781, -0.125159, 1.3962, 0.186867)
joint_offset = Transform3D(1, 0, 0, 0, 1, 0, 0, 0, 1, 0.0952536, 0.0907218, 0.108236)
body_offset = Transform3D(0.982858, -0.0884397, 0.161769, 0.15603, -0.0683995, -0.985381, 0.0982118, 0.99373, -0.0534276, -0.103107, 0.0979968, -0.0937252)

[node name="Physical Bone upper_arm_R" parent="3D/Points/Point/Model/person/metarig/Skeleton3D/Physics" index="13"]
transform = Transform3D(-0.0693189, 0.908603, 0.411868, 0.765217, -0.216452, 0.606293, 0.64003, 0.357196, -0.680274, -0.281615, 1.34589, 0.244538)
joint_offset = Transform3D(1, 0, 0, 0, 1, 0, 0, 0, 1, -0.0128637, -0.0294822, 0.227797)
body_offset = Transform3D(0.961274, -0.265111, -0.0752944, -0.123108, -0.16863, -0.977961, 0.246572, 0.949358, -0.194737, 0.0217013, 0.216221, 0.0755215)

[node name="Physical Bone forearm_R" parent="3D/Points/Point/Model/person/metarig/Skeleton3D/Physics" index="14"]
transform = Transform3D(0.55141, 0.717468, -0.425661, 0.807787, -0.586654, 0.0575953, -0.208393, -0.375602, -0.903048, -0.26282, 1.23305, 0.472317)
joint_offset = Transform3D(1, 0, 0, 0, 1, 0, 0, 0, 1, 0.0621457, -0.0144956, 0.281752)
body_offset = Transform3D(0.979088, -0.11218, -0.169713, -0.199464, -0.36527, -0.909281, 0.040012, 0.924118, -0.380007, -0.0146554, 0.263293, 0.117977)

[node name="Physical Bone hand_R" parent="3D/Points/Point/Model/person/metarig/Skeleton3D/Physics" index="15"]
transform = Transform3D(0.590654, 0.766052, -0.253558, 0.792119, -0.610366, 0.00116793, -0.153869, -0.201538, -0.967319, -0.18619, 1.22441, 0.657225)
joint_offset = Transform3D(1, 0, 0, 0, 1, 0, 0, 0, 1, -0.0100757, -0.150035, 0.186696)
body_offset = Transform3D(0.975579, -0.103955, -0.193491, -0.21817, -0.356565, -0.90844, 0.0254443, 0.928469, -0.370538, 0.0303569, 0.113907, 0.208737)

[node name="Physical Bone forearm1_R" parent="3D/Points/Point/Model/person/metarig/Skeleton3D/Physics" index="16"]
transform = Transform3D(0.00407403, 0.00722665, -0.999966, 0.602378, -0.798204, -0.00331435, -0.7982, -0.602344, -0.00760508, -0.145494, 1.21052, 0.595131)
joint_offset = Transform3D(1, 0, 0, 0, 1, 0, 0, 0, 1, 0.127218, -0.0272684, 0.20925)
body_offset = Transform3D(0.963027, 0.0647876, -0.261498, -0.214288, -0.404066, -0.889276, -0.163276, 0.912433, -0.375243, -0.0660298, 0.202324, 0.124172)

[node name="Physical Bone thigh_L" parent="3D/Points/Point/Model/person/metarig/Skeleton3D/Physics" index="17"]
transform = Transform3D(0.986899, 0.076019, -0.142311, 0.148011, -0.777655, 0.611021, -0.0642197, -0.624079, -0.778718, 0.138193, 0.793079, 0.228753)
joint_offset = Transform3D(1, 0, 0, 0, 1, 0, 0, 0, 1, 0.0111005, -0.0583234, 0.328257)
body_offset = Transform3D(0.996238, -0.0788163, -0.0360158, 0.0379521, 0.770488, -0.636323, 0.0779024, 0.632563, 0.770581, -0.00383317, 0.253394, -0.21692)

[node name="Physical Bone shin_L" parent="3D/Points/Point/Model/person/metarig/Skeleton3D/Physics" index="18"]
transform = Transform3D(0.9519, -0.30378, 0.0400512, 0.101177, 0.435001, 0.894727, -0.289223, -0.847639, 0.444813, 0.254216, 0.309226, 0.390702)
joint_offset = Transform3D(1, 0, 0, 0, 1, 0, 0, 0, 1, 0.0779327, 0.410069, -0.0108876)
body_offset = Transform3D(0.993102, 0.0930385, -0.0713532, -0.071893, 0.0024589, -0.997409, -0.092622, 0.995659, 0.00913069, -0.116324, -0.00626493, -0.400971)

[node name="Physical Bone foot_L" parent="3D/Points/Point/Model/person/metarig/Skeleton3D/Physics" index="19"]
transform = Transform3D(0.949103, -0.188992, -0.251963, 0.18587, -0.309745, 0.932475, -0.254274, -0.931848, -0.258852, 0.266313, 0.123816, 0.283029)
joint_offset = Transform3D(1, 0, 0, 0, 1, 0, 0, 0, 1, 0.00481295, 0.451184, 0.117838)
body_offset = Transform3D(0.981061, 0.18443, -0.0591956, -0.00700213, -0.271641, -0.962373, -0.19357, 0.944562, -0.265205, -0.0809581, 0.235997, -0.393988)

[node name="Physical Bone thigh_R" parent="3D/Points/Point/Model/person/metarig/Skeleton3D/Physics" index="20"]
transform = Transform3D(0.987618, 0.0871408, 0.130452, -0.12866, -0.0259008, 0.99135, 0.0897658, -0.995859, -0.0143686, -0.134844, 0.685661, 0.0128762)
joint_offset = Transform3D(1, 0, 0, 0, 1, 0, 0, 0, 1, -0.00964955, -0.00194321, 0.356781)
body_offset = Transform3D(0.999958, 0.00551798, -0.0072918, -0.00491421, -0.348202, -0.937406, -0.0077116, 0.937403, -0.348161, 0.0122615, 0.333725, 0.125964)

[node name="Physical Bone shin_R" parent="3D/Points/Point/Model/person/metarig/Skeleton3D/Physics" index="21"]
transform = Transform3D(0.923284, 0.343379, -0.172154, -0.0526288, 0.557039, 0.828817, 0.380495, -0.756174, 0.532377, -0.131137, 0.275978, -0.105244)
joint_offset = Transform3D(1, 0, 0, 0, 1, 0, 0, 0, 1, 0.0562875, -0.122511, 0.381753)
body_offset = Transform3D(0.995804, 0.0887185, 0.0224517, 0.0483732, -0.302017, -0.952075, -0.0776858, 0.949166, -0.305041, -0.0537533, 0.323734, 0.237106)

[node name="Physical Bone foot_R" parent="3D/Points/Point/Model/person/metarig/Skeleton3D/Physics" index="22"]
transform = Transform3D(0.929661, 0.316241, 0.189003, 0.0759334, -0.666475, 0.74165, 0.360506, -0.675132, -0.643609, -0.107371, -0.1381, -0.148531)
joint_offset = Transform3D(1, 0, 0, 0, 1, 0, 0, 0, 1, 0.0759789, -0.338895, 0.0135922)
body_offset = Transform3D(0.998115, 0.0590454, -0.0167113, -0.0140316, -0.0455115, -0.998865, -0.0597389, 0.997217, -0.0445973, -0.0555983, -0.000780776, 0.343097)

[node name="Head" parent="3D/Points/Point/Model/person/metarig/Skeleton3D" index="5"]
transform = Transform3D(1, 1.44951e-12, -2.55795e-13, -1.42109e-12, 0.994475, -0.104969, 8.52651e-14, 0.104969, 0.994475, 4.99952e-09, 1.54401, 0.153959)

[node name="State" parent="3D/Points/Point/Model" index="2"]
tree_root = SubResource("AnimationNodeBlendTree_ghd1j")

[node name="Point2" type="Marker3D" parent="3D/Points"]
transform = Transform3D(1, 0, 0, 0, 1, 0, 0, 0, 1, -0.720581, 0.5, -0.270329)

[node name="Point3" type="Marker3D" parent="3D/Points"]
transform = Transform3D(1, 0, 0, 0, 1, 0, 0, 0, 1, 2.60521, 0.5, -0.398693)

[node name="Point4" type="Marker3D" parent="3D/Points"]
transform = Transform3D(1, 0, 0, 0, 1, 0, 0, 0, 1, -2.22594, 0.5, -1.2914)

[node name="Map" type="CSGCombiner3D" parent="3D"]
material_override = SubResource("StandardMaterial3D_hvo6h")

[node name="CSGCylinder3D" type="CSGCylinder3D" parent="3D/Map"]
radius = 15.1598
height = 0.0724891
sides = 24

[node name="CSGCylinder3D2" type="CSGCylinder3D" parent="3D/Map"]
transform = Transform3D(1, 0, 0, 0, 1, 0, 0, 0, 1, 0.953982, 0, 0.0972576)
radius = 0.637811
height = 0.287516
sides = 24

[node name="CSGCylinder3D3" type="CSGCylinder3D" parent="3D/Map"]
transform = Transform3D(1, 0, 0, 0, 1, 0, 0, 0, 1, -0.719643, 2.38419e-07, -0.266494)
radius = 0.637811
height = 0.287516
sides = 24

[node name="CSGCylinder3D4" type="CSGCylinder3D" parent="3D/Map"]
transform = Transform3D(1, 0, 0, 0, 1, 0, 0, 0, 1, 2.59338, 2.38419e-07, -0.401044)
radius = 0.637811
height = 0.287516
sides = 24

[node name="CSGCylinder3D5" type="CSGCylinder3D" parent="3D/Map"]
transform = Transform3D(1, 0, 0, 0, 1, 0, 0, 0, 1, -2.22114, 2.38419e-07, -1.27958)
radius = 0.637811
height = 0.287516
sides = 24

[connection signal="pressed" from="Servers/Margin/vbox/buttons/Join" to="Servers" method="_on_join_pressed"]

[editable path="3D/Points/Point/Model"]
